;996;21;9;2017-9-1
;980;456;17;2020-11-3
;827;632;12;2017-2-22
;626;324;7;2017-4-27
;278;402;19;2018-2-21
;139;529;18;2018-1-17
;228;108;6;2018-2-19
;328;200;13;2017-2-7
;275;205;10;2017-4-2
;216;252;19;2017-9-11
;877;473;13;2018-10-4
;262;3;21;2018-2-10
;457;278;19;2020-4-7
;774;356;10;2020-9-20
;384;529;17;2020-2-2
;935;428;16;2020-2-16
;213;538;20;2018-3-10
;490;150;11;2020-12-11
;383;578;16;2020-4-4
;642;72;18;2017-11-20
;573;227;13;2020-5-9
;181;176;5;2017-10-5
;385;226;5;2017-3-19
;665;270;18;2019-2-11
;463;34;19;2019-2-28
;251;315;17;2019-7-25
;574;386;18;2020-4-7
;676;318;9;2018-11-14
;363;660;8;2020-9-14
;431;237;17;2020-11-23
;802;537;21;2020-3-9
;357;247;20;2018-5-5
;713;172;8;2017-3-5
;759;354;11;2018-2-27
;467;641;20;2017-11-19
;656;267;17;2017-1-4
;816;379;21;2017-7-28
;199;373;21;2018-9-24
;465;270;6;2018-2-21
;236;8;11;2020-7-9
;157;522;10;2018-6-28
;491;618;9;2019-1-27
;929;424;21;2018-9-15
;532;312;20;2018-8-28
;600;472;18;2017-12-9
;810;581;10;2020-4-13
;852;606;7;2018-5-19
;732;172;16;2018-1-18
;755;181;20;2017-5-5
;272;564;16;2018-12-3
;253;493;6;2018-6-22
;508;411;9;2020-1-3
;771;271;16;2018-9-5
;819;98;12;2018-10-4
;958;566;20;2019-12-5
;981;455;6;2020-6-10
;158;138;11;2018-9-17
;769;585;19;2017-12-20
;103;256;19;2019-11-7
;387;78;6;2017-4-13
;141;515;13;2020-1-6
;622;522;10;2020-7-19
;228;347;19;2018-12-14
;990;403;5;2017-5-17
;928;26;17;2018-2-5
;775;405;15;2018-4-6
;596;520;6;2020-2-5
;894;408;9;2020-12-14
;728;348;11;2018-2-28
;117;498;5;2019-6-14
;558;395;19;2019-6-8
;818;548;14;2019-10-10
;697;316;20;2019-6-14
;635;185;19;2018-11-2
;965;151;11;2019-10-2
;458;646;18;2018-2-23
;136;534;15;2020-6-20
;619;98;11;2017-1-20
;394;547;6;2019-12-7
;566;619;12;2017-11-22
;904;583;10;2018-9-21
;531;636;7;2019-1-27
;316;174;12;2018-1-14
;902;345;16;2019-10-16
;219;143;16;2017-3-16
;451;32;10;2019-7-22
;367;214;14;2019-1-11
;679;492;19;2019-11-18
;643;2;20;2019-7-14
;952;56;17;2019-1-1
;513;393;6;2019-10-8
;842;519;16;2019-1-21
;469;676;10;2020-7-21
;495;85;12;2019-6-7
;377;286;21;2020-4-2
;835;276;10;2018-2-16
;222;39;6;2019-11-27
;517;296;9;2018-1-9
;473;346;18;2017-3-20
;928;250;15;2017-3-24
;801;409;16;2020-6-18
;560;134;20;2020-3-14
;278;89;13;2020-8-15
;400;305;8;2019-5-19
;572;642;21;2020-4-6
;281;201;11;2019-11-1
;594;540;19;2020-10-13
;576;623;7;2020-11-20
;317;64;7;2019-7-23
;230;268;7;2020-6-4
;661;276;8;2020-6-7
;977;173;8;2019-5-5
;113;644;8;2018-6-25
;545;339;14;2019-10-24
;870;453;20;2020-2-15
;590;441;18;2017-4-15
;878;133;20;2019-3-19
;206;278;11;2019-2-8
;147;287;20;2019-4-10
;483;605;21;2017-1-5
;117;137;7;2020-8-20
;233;370;18;2019-12-24
;515;77;21;2020-2-25
;979;227;17;2019-2-8
;232;406;18;2020-6-9
;142;445;5;2019-4-7
;682;193;20;2020-8-12
;585;427;13;2019-2-1
;535;256;8;2019-4-27
;942;472;19;2020-9-14
;502;654;20;2018-12-14
;631;425;13;2018-2-28
;605;39;18;2020-9-24
;786;521;11;2017-4-21
;582;420;15;2018-7-17
;696;409;10;2020-9-5
;374;531;17;2020-10-3
;795;187;5;2017-7-19
;428;353;21;2020-8-27
;468;491;9;2019-10-1
;674;112;14;2017-1-22
;352;574;17;2017-4-19
;433;261;10;2017-4-2
;267;380;13;2019-10-20
;329;160;21;2018-11-2
;443;150;9;2019-10-17
;830;629;5;2020-12-17
;366;372;18;2017-9-19
;638;440;20;2017-12-21
;973;451;7;2018-2-17
;179;514;8;2017-2-8
;157;488;12;2018-6-2
;668;548;19;2019-5-17
;937;353;10;2018-2-27
;691;448;20;2018-10-1
;250;348;18;2020-9-5
;531;161;11;2020-7-4
;280;523;5;2018-2-13
;269;527;13;2020-6-1
;325;85;8;2019-2-25
;577;541;16;2020-10-19
;174;500;18;2017-2-13
;934;55;17;2017-11-22
;825;323;20;2017-10-21
;145;83;10;2019-10-10
;535;158;14;2017-3-8
;729;636;8;2018-1-2
;366;437;8;2018-6-9
;507;415;7;2019-2-4
;492;183;13;2017-3-8
;778;131;17;2018-5-20
;849;375;10;2017-9-12
;151;29;13;2020-10-9
;143;494;8;2020-7-3
;891;541;15;2019-10-8
;262;220;7;2020-4-6
;360;168;14;2018-1-25
;670;231;11;2017-9-12
;468;387;21;2019-3-25
;922;65;17;2017-4-17
;615;329;11;2019-8-5
;390;480;17;2019-3-7
;649;153;9;2020-9-4
;901;463;13;2020-7-3
;479;203;15;2020-7-7
;264;676;6;2020-10-23
;104;385;11;2017-1-5
;127;265;20;2020-12-26
;371;436;5;2018-9-5
;813;71;7;2020-3-17
;926;251;9;2019-8-21
;311;94;15;2020-4-23
;982;430;20;2017-10-15
;851;297;18;2020-10-16
;296;653;19;2017-6-11
;589;678;14;2019-9-9
;784;466;13;2020-2-26
;575;415;17;2020-4-3
;547;278;9;2018-9-12
;781;64;20;2020-1-9
;128;384;7;2017-11-13
;131;339;17;2017-1-10
;492;450;13;2020-10-14
;699;190;9;2019-12-14
;415;12;13;2019-1-21
;741;73;5;2020-10-9
;875;171;9;2020-1-6
;701;124;6;2019-5-24
;674;342;6;2020-8-18
;686;94;15;2017-4-1
;281;673;11;2020-8-24
;602;590;18;2017-8-21
;739;397;8;2017-9-28
;167;477;7;2017-5-11
;1000;401;10;2020-12-4
;231;10;11;2018-2-15
;650;239;18;2017-3-26
;853;346;20;2019-9-26
;937;8;7;2018-7-14
;705;382;12;2017-12-2
;936;191;10;2017-12-19
;685;533;18;2018-3-1
;670;613;20;2017-1-8
;350;200;11;2017-3-24
;790;85;6;2020-6-16
;547;382;8;2019-7-26
;1000;484;15;2019-4-3
;423;596;21;2020-11-23
;850;293;7;2019-3-19
;517;85;6;2019-1-14
;530;144;6;2019-3-26
;726;463;20;2020-8-4
;300;507;20;2018-7-3
;209;546;20;2020-5-10
;117;39;6;2020-8-15
;463;292;21;2017-1-22
;735;518;15;2020-10-24
;706;671;14;2017-12-6
;228;204;16;2019-2-4
;654;57;21;2017-12-17
;563;387;16;2017-11-12
;514;359;13;2018-12-19
;943;480;16;2019-9-21
;419;625;16;2019-3-21
;250;247;12;2019-9-27
;609;414;18;2018-8-2
;376;24;14;2020-8-18
;605;163;13;2019-11-12
;547;186;6;2018-10-11
;354;254;19;2020-5-10
;407;652;9;2017-3-27
;497;331;5;2019-11-15
;632;461;6;2017-11-21
;181;29;5;2018-8-17
;663;243;21;2020-3-9
;666;296;14;2017-10-7
;652;667;6;2019-7-14
;133;89;8;2020-8-1
;209;21;14;2018-11-14
;807;217;18;2018-8-21
;314;473;11;2020-5-18
;828;333;16;2018-8-20
;577;631;17;2020-2-23
;300;649;12;2020-7-10
;518;258;6;2018-9-15
;907;172;14;2018-4-10
;735;299;5;2019-7-23
;240;574;14;2017-5-12
;262;359;7;2017-12-6
;489;585;19;2020-7-28
;133;179;11;2020-5-21
;188;466;16;2017-12-14
;276;312;21;2018-10-16
;959;352;20;2020-9-11
;613;624;20;2019-1-28
;988;597;6;2019-3-13
;145;623;5;2019-2-28
;612;618;18;2018-10-5
;321;132;19;2019-11-28
;266;141;20;2018-5-16
;562;266;20;2019-9-13
;739;534;16;2018-9-23
;784;538;12;2019-9-14
;650;478;21;2019-7-23
;676;131;11;2019-9-12
;472;513;14;2017-4-6
;364;72;19;2019-11-28
;480;149;18;2018-11-24
;613;292;5;2020-9-25
;219;652;20;2018-8-2
;226;42;6;2018-8-24
;635;300;8;2018-5-14
;191;455;6;2018-11-4
;610;57;11;2020-11-28
;794;143;8;2020-4-28
;375;109;17;2018-1-19
;425;568;9;2019-9-11
;838;13;9;2017-6-14
;680;344;13;2017-1-23
;545;564;8;2019-3-6
;162;15;5;2017-11-4
;951;281;9;2019-1-22
;985;392;9;2019-2-16
;239;645;19;2019-11-6
;339;289;21;2019-2-8
;308;513;9;2017-3-10
;130;228;16;2018-7-22
;395;336;17;2019-4-24
;985;672;17;2017-3-14
;371;335;17;2020-9-10
;748;194;19;2017-11-15
;455;479;21;2018-9-16
;833;352;20;2020-1-7
;601;289;16;2017-2-16
;353;28;20;2018-2-16
;500;482;15;2020-4-17
;853;450;10;2017-9-5
;431;88;8;2017-9-4
;227;452;7;2018-1-15
;636;482;10;2017-6-24
;727;520;12;2017-11-9
;249;243;10;2017-11-17
;974;69;8;2020-1-20
;945;662;10;2017-3-10
;857;474;8;2019-7-9
;962;649;14;2017-8-24
;119;409;5;2017-6-27
;855;484;5;2017-10-26
;925;212;10;2019-6-21
;145;79;13;2017-6-6
;542;132;14;2019-4-12
;123;202;8;2018-11-22
;778;205;20;2020-1-20
;440;101;18;2017-3-3
;960;110;5;2017-7-27
;508;384;17;2017-3-22
;785;509;14;2018-9-28
;563;288;14;2020-11-11
;843;363;10;2019-11-7
;659;459;6;2020-9-18
;152;27;15;2017-9-6
;569;69;19;2017-2-26
;512;377;13;2018-6-26
;142;555;16;2019-7-25
;874;181;15;2018-12-28
;293;176;14;2017-6-22
;215;137;18;2017-6-26
;808;477;5;2017-6-13
;731;8;8;2019-2-5
;240;446;9;2019-3-25
;782;344;7;2019-1-27
;887;31;9;2017-2-18
;799;470;9;2018-1-20
;953;472;5;2019-3-1
;170;36;11;2017-10-1
;130;185;6;2018-5-4
;697;342;19;2019-6-7
;473;21;8;2019-2-10
;316;674;7;2020-8-9
;638;197;5;2017-11-21
;497;618;14;2017-10-13
;226;47;11;2019-5-23
;516;495;7;2017-1-7
;550;421;20;2017-7-27
;655;583;9;2019-4-24
;321;61;18;2020-7-6
;187;412;16;2020-12-18
;641;602;18;2019-5-16
;324;165;16;2017-3-23
;581;403;13;2019-8-26
;670;391;14;2018-6-12
;206;171;9;2017-8-2
;776;34;12;2017-8-5
;956;337;12;2019-10-22
;813;120;21;2017-7-1
;228;260;15;2019-8-17
;702;684;11;2019-12-15
;539;25;8;2020-3-15
;738;395;12;2020-12-12
;771;378;12;2018-1-22
;916;503;6;2018-12-12
;166;317;15;2018-3-16
;905;565;7;2019-11-22
;724;581;18;2020-6-9
;282;165;12;2019-12-26
;737;194;7;2017-9-16
;378;576;16;2020-6-1
;313;149;17;2017-6-12
;937;462;10;2017-4-11
;546;544;5;2020-12-11
;578;601;6;2020-4-24
;982;294;5;2020-12-9
;435;491;18;2020-11-15
;500;223;12;2018-1-8
;138;462;5;2017-10-27
;135;79;21;2018-3-26
;390;527;5;2018-12-2
;517;570;12;2018-1-25
;395;355;14;2019-8-5
;487;339;15;2017-3-1
;597;232;12;2018-2-3
;475;402;12;2017-1-14
;732;310;21;2017-4-4
;678;418;21;2017-5-8
;842;136;15;2020-5-12
;475;181;21;2017-4-21
;320;247;8;2017-12-19
;132;251;5;2019-7-10
;775;307;18;2020-11-19
;279;631;21;2019-3-18
;899;505;17;2019-11-15
;165;536;11;2019-1-27
;740;49;21;2017-8-2
;308;677;12;2019-2-3
;232;515;11;2019-3-27
;650;154;6;2018-4-18
;928;486;5;2019-2-9
;378;487;9;2019-5-13
;715;489;18;2020-1-1
;137;419;13;2019-3-24
;391;26;7;2018-12-27
;811;172;9;2019-3-13
;590;348;8;2018-4-19
;341;632;14;2018-8-4
;514;77;7;2018-8-28
;384;202;9;2019-11-22
;708;53;21;2017-9-27
;575;631;15;2017-2-24
;298;341;20;2019-8-13
;215;260;13;2019-2-22
;506;150;5;2017-7-18
;704;565;18;2019-9-28
;360;394;13;2018-12-5
;354;111;14;2017-2-12
;152;336;8;2017-2-20
;115;405;12;2019-9-28
;686;455;14;2019-5-12
;412;587;17;2020-4-2
;455;509;7;2017-11-6
;417;337;12;2019-10-17
;296;111;13;2020-9-9
;600;486;16;2017-2-16
;576;253;5;2018-2-8
;301;333;10;2019-8-15
;757;588;9;2017-1-9
;567;78;9;2018-11-23
;580;520;7;2019-6-12
;805;626;6;2018-3-22
;539;338;8;2017-11-7
;215;376;8;2017-9-14
;419;623;5;2020-11-8
;150;206;14;2019-6-24
;705;257;17;2019-3-13
;282;254;8;2020-6-6
;860;405;14;2019-1-7
;344;518;19;2017-12-18
;530;175;9;2018-4-12
;880;266;20;2020-12-26
;801;309;9;2019-3-27
;711;215;17;2019-3-19
;467;357;8;2018-1-16
;925;667;12;2017-10-22
;775;635;9;2018-6-24
;847;102;15;2018-6-19
;755;566;8;2017-4-8
;905;353;7;2019-1-22
;532;70;14;2017-12-13
;644;441;6;2020-7-13
;526;135;15;2020-11-6
;646;5;12;2020-2-1
;957;137;7;2018-11-1
;936;126;18;2017-3-28
;553;79;19;2019-2-2
;411;410;12;2020-10-14
;882;486;15;2020-9-19
;777;404;6;2020-12-11
;464;593;6;2019-4-5
;233;470;8;2019-11-28
;447;587;9;2020-4-21
;902;478;21;2017-1-27
;851;593;17;2018-4-24
;706;530;17;2020-1-4
;296;64;8;2017-6-12
;362;31;21;2017-11-9
;670;87;17;2019-4-19
;394;80;18;2017-8-6
;891;18;19;2019-8-15
;1000;412;13;2020-10-15
;221;220;11;2020-2-17
;738;427;12;2020-5-24
;787;525;15;2017-10-15
;582;641;6;2019-12-18
;195;552;19;2017-10-28
;985;168;14;2017-8-13
;595;673;14;2020-8-28
;324;668;21;2020-3-10
;563;22;16;2018-6-14
;623;533;6;2017-3-23
;466;6;5;2017-7-8
;359;566;20;2020-12-10
;165;504;5;2020-7-23
;228;67;21;2017-2-16
;200;302;17;2017-2-10
;178;326;17;2018-8-3
;337;160;16;2020-11-19
;289;38;21;2020-7-18
;619;676;17;2020-1-19
;118;401;7;2017-1-2
;201;682;20;2017-3-21
;676;519;8;2019-5-13
;754;514;6;2020-3-5
;726;369;21;2017-9-12
;588;256;5;2019-9-18
;195;303;20;2020-5-6
;338;624;6;2019-4-5
;628;170;17;2020-1-27
;851;132;13;2019-2-13
;452;500;14;2017-7-4
;331;128;12;2018-6-18
;493;468;21;2018-1-8
;133;189;19;2020-1-21
;845;544;20;2019-2-5
;662;669;5;2019-6-22
;565;566;10;2019-4-3
;737;51;16;2017-12-22
;616;342;7;2019-6-17
;947;651;17;2018-3-13
;230;671;20;2019-8-5
;293;285;11;2019-11-16
;236;113;6;2020-11-2
;489;16;17;2020-11-6
;229;610;16;2018-11-12
;422;393;10;2020-2-9
;811;563;17;2018-2-9
;171;89;19;2020-1-7
;504;86;11;2017-8-9
;904;376;20;2017-4-27
;236;595;18;2019-11-10
;788;56;14;2020-8-5
;211;303;18;2020-11-16
;266;307;14;2017-9-22
;474;28;10;2019-12-17
;534;36;10;2017-11-17
;494;567;19;2019-12-28
;479;32;13;2020-10-25
;653;553;13;2019-3-7
;389;314;21;2020-11-23
;428;250;9;2020-3-17
;774;30;19;2020-8-13
;104;554;14;2017-7-1
;914;460;7;2019-4-16
;972;70;8;2017-1-13
;151;100;13;2018-10-20
;972;636;10;2017-9-26
;716;498;21;2019-1-19
;495;282;14;2018-3-27
;118;531;13;2017-10-4
;255;108;15;2019-7-26
;637;294;5;2018-10-16
;194;437;20;2019-9-23
;597;161;9;2017-2-16
;774;142;8;2018-2-8
;503;542;8;2019-2-5
;857;483;5;2018-5-2
;537;178;13;2019-10-18
;682;573;19;2019-6-12
;638;139;10;2019-1-25
;571;669;5;2017-8-24
;416;401;7;2018-8-3
;502;292;12;2020-3-8
;156;544;5;2018-11-3
;327;434;12;2017-11-6
;936;260;12;2018-11-14
;653;404;6;2018-1-14
;344;445;10;2018-3-10
;430;181;14;2020-9-22
;230;457;10;2017-7-13
;339;87;16;2017-3-13
;247;137;16;2020-12-3
;615;567;12;2019-9-27
;128;369;12;2019-10-5
;394;397;20;2020-3-19
;615;463;21;2019-12-5
;308;290;11;2019-6-11
;399;587;11;2019-12-14
;313;99;12;2018-4-10
;629;667;9;2020-5-1
;932;668;16;2017-11-9
;544;18;7;2018-1-17
;723;223;9;2018-5-28
;517;643;19;2020-10-5
;870;37;11;2018-8-23
;590;481;6;2018-2-4
;691;551;16;2020-1-11
;725;631;5;2018-1-17
;918;251;19;2020-9-27
;437;534;14;2020-2-21
;971;537;21;2019-4-17
;299;535;7;2020-11-6
;760;387;17;2019-6-1
;954;65;5;2020-4-14
;800;468;14;2018-11-12
;832;435;21;2017-7-25
;706;223;10;2019-2-19
;250;257;16;2020-10-5
;165;47;7;2019-7-25
;179;19;5;2017-12-18
;645;154;17;2017-10-23
;147;4;13;2017-9-9
;674;649;9;2019-2-7
;862;515;10;2019-10-3
;916;554;16;2017-3-1
;760;48;21;2020-11-27
;254;217;8;2017-4-8
;422;207;8;2017-6-5
;944;619;21;2017-6-22
;258;597;17;2020-4-4
;968;445;8;2018-5-16
;852;300;21;2018-1-20
;608;378;7;2017-10-23
;720;668;16;2019-2-6
;229;461;11;2018-5-3
;462;597;15;2018-8-6
;213;488;17;2017-3-19
;455;396;10;2019-4-1
;203;595;18;2017-2-17
;264;409;15;2017-8-3
;303;487;15;2020-2-9
;534;86;17;2017-11-4
;849;571;17;2019-9-27
;740;154;19;2017-11-23
;184;161;14;2020-3-13
;383;189;11;2017-1-4
;924;649;8;2020-9-15
;711;26;14;2017-1-19
;858;95;15;2020-10-4
;314;654;11;2020-8-5
;487;111;9;2020-5-24
;709;419;8;2017-6-24
;104;587;21;2017-7-2
;396;261;19;2020-8-6
;866;66;10;2017-7-23
;793;355;14;2017-6-3
;406;543;13;2017-10-6
;336;663;5;2020-9-22
;257;470;19;2020-3-5
;566;427;10;2020-1-1
;557;635;11;2019-1-25
;543;336;21;2019-10-14
;984;386;16;2018-1-3
;922;256;9;2018-1-5
;782;557;7;2020-3-18
;618;545;7;2017-8-7
;674;383;12;2019-4-20
;999;169;19;2020-3-20
;852;658;5;2017-6-19
;556;432;7;2019-9-18
;360;466;11;2020-5-21
;810;603;15;2018-10-17
;412;343;7;2019-5-16
;982;291;19;2018-3-13
;945;674;11;2020-4-23
;347;209;18;2020-9-18
;305;102;8;2020-1-6
;540;15;11;2018-9-24
;750;568;14;2019-6-19
;188;680;9;2019-10-27
;251;212;10;2019-3-15
;113;457;8;2019-10-24
;860;126;6;2020-6-5
;640;461;5;2020-2-19
;823;354;21;2018-5-15
;772;643;20;2020-3-23
;102;315;17;2019-10-3
;621;605;6;2020-8-23
;126;124;18;2017-4-6
;827;159;9;2017-10-11
;486;219;7;2018-12-19
;790;232;17;2017-9-28
;497;398;18;2017-6-20
;358;90;18;2019-11-16
;237;280;12;2018-7-26
;687;581;17;2017-10-19
;431;307;9;2019-6-9
;825;366;15;2019-4-20
;895;575;21;2017-2-16
;979;407;17;2019-6-19
;199;318;6;2019-3-4
;712;30;5;2018-6-15
;916;268;8;2017-7-26
;487;578;15;2017-11-23
;312;72;13;2020-10-17
;958;628;17;2020-2-8
;615;220;13;2018-12-17
;997;633;12;2019-3-4
;216;181;8;2019-6-8
;947;597;11;2020-10-15
;858;393;6;2020-11-25
;136;159;20;2019-12-8
;718;637;8;2020-1-18
;580;270;10;2018-1-8
;870;62;16;2019-11-17
;536;105;10;2020-11-20
;711;279;8;2020-10-11
;271;656;11;2019-4-2
;265;102;20;2017-2-12
;255;636;19;2017-9-16
;238;350;8;2019-6-1
;502;452;10;2017-5-18
;659;177;13;2018-10-23
;738;309;6;2020-6-13
;297;155;21;2019-6-8
;806;150;11;2018-5-7
;638;464;11;2018-4-23
;361;674;11;2019-11-4
;368;345;18;2018-1-25
;897;260;11;2020-10-20
;794;44;20;2018-8-9
;239;198;20;2020-8-11
;231;182;20;2019-11-19
;782;343;14;2018-6-9
;278;501;11;2018-4-10
;220;611;9;2017-3-13
;231;163;5;2019-8-7
;667;323;14;2018-11-26
;643;517;6;2018-10-10
;489;362;7;2017-8-21
;943;674;11;2019-9-16
;815;322;11;2019-6-19
;233;624;5;2018-3-15
;751;659;7;2019-5-19
;421;396;15;2020-12-23
;936;73;5;2019-9-13
;954;237;16;2019-6-25
;192;543;14;2017-4-28
;263;539;16;2020-10-8
;860;384;21;2019-10-11
;332;336;12;2019-3-5
;133;590;6;2017-1-9
;578;360;12;2020-1-23
;253;235;10;2017-8-18
;352;19;19;2020-2-5
;156;669;14;2019-1-3
;796;441;15;2017-6-19
;741;502;7;2019-11-28
;398;255;18;2017-7-26
;958;172;5;2020-11-10
;594;313;18;2017-12-15
;869;240;7;2019-3-13
;863;319;13;2019-4-6
;957;30;8;2020-9-19
;685;485;17;2018-2-13
;179;172;9;2020-5-18
;584;271;15;2019-11-16
;567;336;17;2019-3-2
;289;72;12;2020-4-19
;703;375;16;2019-2-28
;126;451;19;2020-2-4
;620;151;16;2019-1-4
;577;160;18;2019-1-19
;299;393;18;2017-3-17
;155;581;14;2018-3-17
;436;565;21;2018-4-7
;262;164;6;2018-1-23
;241;57;12;2018-5-24
;142;314;16;2017-8-17
;197;337;12;2018-11-9
;629;402;10;2019-7-9
;895;272;21;2020-6-25
;645;93;15;2017-3-22
;196;48;15;2019-5-23
;891;570;11;2018-2-22
;574;32;15;2019-5-12
;571;52;17;2018-7-17
;517;345;18;2020-11-22
;370;558;20;2020-5-24
;560;251;6;2019-7-19
;695;605;20;2019-6-14
;792;107;14;2018-7-25
;246;670;21;2020-1-14
;331;486;18;2017-3-22
;510;413;19;2020-3-14
;221;421;13;2017-9-19
;576;411;18;2017-5-13
;197;140;16;2019-6-28
;141;508;8;2020-7-8
;293;279;10;2017-2-8
;565;600;7;2019-7-11
;228;608;9;2017-9-26
;570;123;18;2018-2-6
;845;212;8;2019-8-7
;243;398;12;2017-4-4
;326;367;10;2020-5-16
;697;125;13;2019-3-9
;394;147;18;2018-12-15
;192;685;10;2019-4-24
;192;572;6;2017-3-17
;670;274;19;2019-8-8
;181;678;21;2018-3-22
;827;242;6;2020-8-21
;434;561;16;2017-9-2
;763;72;19;2019-7-3
;563;518;21;2020-5-23
;387;298;7;2017-10-7
;313;651;21;2018-4-22
;150;667;16;2020-3-27
;378;40;19;2019-1-28
;756;380;21;2019-4-23
;911;112;11;2018-11-9
;514;17;15;2017-12-21
;704;252;20;2019-1-15
;472;401;21;2019-1-17
;530;588;20;2017-10-1
;771;426;13;2019-3-17
;806;277;15;2018-9-5
;422;388;10;2018-11-15
;494;258;13;2020-6-18
;401;621;5;2019-4-6
;872;564;5;2020-4-2
;670;10;8;2017-4-17
;526;291;10;2017-5-20
;778;339;17;2018-12-1
;563;560;18;2020-3-6
;654;202;12;2018-1-23
;139;430;8;2020-9-17
;374;666;6;2017-2-12
;487;309;10;2018-4-7
;995;505;14;2017-8-6
;122;139;7;2020-8-23
;430;60;6;2018-7-28
;645;675;5;2019-6-3
;674;555;6;2019-5-4
;833;398;19;2017-12-23
;925;70;8;2019-2-3
;317;467;8;2017-2-9
;951;61;13;2018-2-23
;114;573;10;2017-11-18
;449;79;13;2019-2-18
;676;625;7;2017-7-11
;841;377;20;2017-9-2
;779;174;9;2019-3-8
;502;149;12;2020-7-2
;495;628;9;2018-11-17
;976;653;9;2017-6-3
;103;513;20;2019-12-10
;852;578;11;2019-12-9
;473;540;20;2020-7-2
;492;6;13;2017-8-8
;311;364;19;2020-11-24
;647;204;19;2018-10-15
;521;193;9;2018-4-27
;336;243;20;2019-3-21
;625;164;14;2018-9-2
;708;357;14;2017-11-4
;145;120;13;2018-7-2
;457;660;20;2019-5-7
;766;496;10;2020-6-19
;607;108;14;2017-7-1
;970;232;7;2020-6-25
;343;597;9;2019-7-22
;148;519;12;2020-7-25
;727;552;18;2020-6-2
;896;117;12;2018-4-11
;907;406;11;2018-12-2
;459;124;12;2017-7-16
;148;487;14;2018-2-26
;918;27;11;2020-3-24
;337;639;9;2017-2-15
;668;228;7;2018-1-14
;909;377;11;2018-6-28
;534;495;19;2017-2-22
;507;596;21;2019-6-22
;614;618;19;2020-9-16
;371;509;20;2019-2-26
;842;556;14;2018-3-23
;187;576;12;2020-8-5
;828;174;21;2017-9-2
;742;28;7;2017-10-10
;649;481;20;2019-7-22
;653;371;11;2020-5-3
;714;241;5;2017-6-2
;629;423;8;2017-10-18
;703;39;13;2020-6-10
;455;52;6;2020-10-7
;154;96;16;2018-11-25
;867;549;5;2018-11-23
;191;619;17;2017-12-1
;883;473;20;2017-10-26
;479;373;16;2019-7-23
;893;573;12;2017-7-10
;569;593;12;2017-10-2
;754;92;17;2018-9-5
;692;27;6;2018-10-14
;590;250;7;2020-3-11
;938;404;19;2020-2-6
;804;258;17;2019-10-27
;980;28;6;2019-3-1
;662;409;21;2018-12-21
;650;651;17;2019-3-4
;295;435;11;2020-9-7
;955;128;16;2017-8-1
;874;96;11;2017-3-18
;717;378;10;2020-12-11
;166;313;10;2017-3-2
;540;384;10;2017-9-17
;601;463;13;2017-1-20
;780;365;14;2017-2-22
;695;257;9;2018-3-12
;864;111;12;2019-4-9
;100;56;16;2019-11-9
;587;435;6;2017-1-6
;391;95;14;2018-11-28
;290;526;15;2020-5-8
;395;277;5;2019-4-12
;452;634;5;2019-9-7
;224;12;10;2019-2-27
;375;87;8;2020-8-20
;635;162;5;2019-11-6
;868;292;14;2020-12-2
;919;203;5;2020-5-5
;912;220;5;2019-3-1
;186;563;7;2020-3-23
;816;232;9;2017-1-14
;100;16;17;2020-12-7
;950;546;20;2018-5-4
;492;623;5;2020-6-27
;361;163;17;2019-4-9
;973;92;8;2017-9-17
;699;429;17;2019-7-10
;279;288;5;2018-4-16
;941;526;8;2018-3-1
;614;359;9;2020-4-3
;226;515;14;2018-1-6
;671;458;18;2017-11-24
;491;641;16;2019-11-16
;367;86;11;2020-9-9
;486;3;14;2017-8-10
;914;550;9;2017-6-3
;592;414;18;2017-2-11
;367;327;20;2019-12-14
;261;400;8;2018-6-13
;889;165;13;2019-8-24
;998;181;5;2020-3-8
;730;273;8;2019-2-5
;702;216;10;2017-1-18
;868;368;11;2018-1-26
;914;580;9;2018-12-11
;735;390;15;2020-7-20
;250;268;11;2017-6-25
;752;213;14;2020-9-27
;280;530;8;2020-3-14
;543;660;10;2020-2-2
;859;270;12;2019-6-4
;452;593;10;2020-2-21
;289;85;9;2019-7-6
;312;364;19;2018-7-1
;844;537;20;2019-9-23
;891;170;11;2018-2-18
;498;378;17;2020-8-21
;392;58;7;2019-9-4
;452;501;6;2020-11-13
;656;590;5;2019-5-2
;816;204;11;2019-4-2
;398;107;16;2017-9-6
;806;218;16;2019-8-24
;245;585;18;2020-6-18
;294;457;11;2020-7-3
;436;335;8;2018-2-19
;877;376;7;2017-2-13
;760;649;18;2018-10-10
;920;602;11;2020-11-4
;576;281;13;2017-2-28
;819;524;13;2019-4-28
;452;189;6;2017-2-12
;673;137;21;2018-1-24
;451;608;7;2017-9-6
;964;150;6;2019-2-4
;434;255;7;2019-1-1
;684;157;14;2018-12-12
;589;497;9;2019-7-22
;597;406;16;2018-9-5
;480;9;14;2017-12-9
;642;131;8;2020-9-20
;729;200;6;2019-9-16
;557;345;21;2018-1-8
;926;338;17;2019-11-28
;590;427;11;2018-5-27
;938;623;9;2020-1-19
;300;419;9;2019-3-6
;907;547;10;2019-2-9
;244;355;11;2019-11-2
;351;112;5;2019-2-24
;214;119;19;2020-10-19
;948;213;8;2020-8-23
;392;523;14;2018-9-14
;698;386;12;2020-10-6
;373;61;11;2017-7-7
;127;639;21;2018-7-1
;117;417;8;2019-11-1
;701;548;17;2019-5-6
